-0.05 -9.78191e-17 9.75823e-17
-0.048 -9.77734e-17 1.00248e-16
-0.046 -9.7504e-17 1.03908e-16
-0.044 -1.02513e-16 1.09024e-16
-0.042 -9.4602e-17 1.11442e-16
-0.04 -9.90861e-17 1.15666e-16
-0.038 -1.0059e-16 1.23754e-16
-0.036 -1.08939e-16 1.27026e-16
-0.034 -9.52188e-17 1.26147e-16
-0.032 -1.01044e-16 1.33672e-16
-0.03 -1.00638e-16 1.36327e-16
-0.028 -1.06014e-16 1.41106e-16
-0.026 -9.97435e-17 1.41668e-16
-0.024 -9.66681e-17 1.46917e-16
-0.022 -9.94069e-17 1.53111e-16
-0.02 -1.01843e-16 1.58057e-16
-0.018 -9.95479e-17 1.70325e-16
-0.016 -9.98436e-17 1.68531e-16
-0.014 -9.95513e-17 1.72135e-16
-0.012 -9.66801e-17 1.78243e-16
-0.01 -9.15257e-17 1.80846e-16
-0.008 -9.84492e-17 1.84505e-16
-0.006 -9.65743e-17 1.94594e-16
-0.004 -9.18692e-17 2.00911e-16
-0.002 -9.42067e-17 2.04547e-16
0 -9.16653e-17 2.12825e-16
0.002 -9.29239e-17 2.24042e-16
0.004 -9.08979e-17 2.2313e-16
0.006 -9.20402e-17 2.27084e-16
0.008 -9.12428e-17 2.40702e-16
0.01 -8.50868e-17 2.43274e-16
0.012 -8.79318e-17 2.55056e-16
0.014 -8.46774e-17 2.58622e-16
0.016 -8.31996e-17 2.60084e-16
0.018 -8.85333e-17 2.74164e-16
0.02 -7.86427e-17 2.79506e-16
0.022 -8.40408e-17 2.8714e-16
0.024 -8.65647e-17 2.97795e-16
0.026 -8.05607e-17 3.09781e-16
0.028 -8.2799e-17 3.19641e-16
0.03 -8.53201e-17 3.37823e-16
0.032 -8.30918e-17 3.419e-16
0.034 -8.3149e-17 3.58151e-16
0.036 -8.36193e-17 3.64639e-16
0.038 -8.15978e-17 3.78293e-16
0.04 -8.56753e-17 3.89986e-16
0.042 -8.72067e-17 3.99069e-16
0.044 -9.15901e-17 4.0447e-16
0.046 -9.41593e-17 4.1732e-16
0.048 -1.14079e-16 3.91074e-16

-0.05 -1.35429e-18 6.06436e-19
-0.048 -1.70081e-18 5.11368e-19
-0.046 -1.39367e-18 2.86881e-19
-0.044 -2.16214e-18 2.54972e-19
-0.042 -1.42161e-18 4.73707e-19
-0.04 -1.29092e-18 1.92567e-19
-0.038 -2.55189e-18 5.51458e-19
-0.036 -1.7605e-18 4.88599e-19
-0.034 -1.226e-18 4.13813e-19
-0.032 -1.55576e-18 5.19596e-19
-0.03 -2.00799e-18 7.42673e-19
-0.028 -1.27735e-18 5.95755e-19
-0.026 -1.65852e-18 7.0769e-19
-0.024 -1.74816e-18 6.43587e-19
-0.022 -1.14964e-18 3.75937e-19
-0.02 -1.73769e-18 3.66882e-19
-0.018 -1.42563e-18 6.25574e-19
-0.016 -1.028e-18 3.60568e-19
-0.014 -1.71241e-18 2.7559e-19
-0.012 -1.44646e-18 6.57655e-19
-0.01 -1.41728e-18 5.41118e-19
-0.008 -2.25836e-18 7.73227e-19
-0.006 -1.40717e-18 4.61278e-19
-0.004 -1.35303e-18 4.09149e-19
-0.002 -2.45223e-18 6.33236e-19
0 -1.62733e-18 4.17589e-19
0.002 -1.68245e-18 6.41386e-19
0.004 -2.38605e-18 5.93153e-19
0.006 -1.90374e-18 5.38651e-19
0.008 -1.63266e-18 4.0745e-19
0.01 -9.47994e-19 5.81832e-19
0.012 -1.07571e-18 2.37034e-19
0.014 -2.24905e-18 6.03472e-19
0.016 -1.71542e-18 3.97399e-19
0.018 -1.68096e-18 6.15977e-19
0.02 -8.53481e-19 3.3089e-19
0.022 -1.73599e-18 7.14035e-19
0.024 -1.37408e-18 5.52493e-19
0.026 -2.40742e-18 8.45031e-19
0.028 -2.59574e-18 8.73034e-19
0.03 -1.62079e-18 3.06365e-19
0.032 -1.43477e-18 6.81325e-19
0.034 -1.33332e-18 3.97585e-19
0.036 -1.68483e-18 4.99688e-19
0.038 -1.57819e-18 4.016e-19
0.04 -2.08114e-18 4.71533e-19
0.042 -1.72703e-18 4.98666e-19
0.044 -2.22394e-18 6.16583e-19
0.046 -1.81508e-18 7.45321e-19
0.048 -1.33207e-18 4.79662e-19

-0.15 -1.2994e-17 -7.13506e-18
-0.144 -1.25021e-17 -4.65627e-18
-0.138 -1.42768e-17 -3.46882e-18
-0.132 -1.39173e-17 -3.95701e-18
-0.126 -1.34164e-17 -2.79965e-18
-0.12 -1.30684e-17 -2.79875e-18
-0.114 -1.30086e-17 -3.37141e-18
-0.108 -1.31762e-17 -1.09059e-18
-0.102 -1.27048e-17 4.23254e-19
-0.096 -1.14183e-17 -4.83511e-19
-0.09 -1.11491e-17 4.34716e-19
-0.084 -1.19097e-17 3.76233e-19
-0.078 -8.94609e-18 3.30041e-19
-0.072 -8.61681e-18 3.79273e-19
-0.066 -7.30414e-18 2.65876e-19
-0.06 -7.04983e-18 6.80133e-19
-0.054 -5.23208e-18 5.78972e-19
-0.048 -4.65912e-18 3.49292e-20
-0.042 -3.73215e-18 6.81624e-19
-0.036 -3.09712e-18 1.09605e-18
-0.03 -1.31773e-18 7.6196e-19
-0.024 7.16263e-19 1.28502e-18
-0.018 1.47425e-18 3.96712e-19
-0.012 1.61729e-18 -7.99034e-20
-0.006 1.5729e-18 -8.21374e-20
0 1.35835e-18 -3.10927e-19
0.006 1.83552e-18 -1.01779e-19
0.012 1.69981e-18 -4.70614e-19
0.018 5.79198e-19 -1.72074e-18
0.024 -2.44185e-18 -1.26786e-18
0.03 -2.46983e-18 -1.76619e-18
0.036 -3.47086e-18 -1.77041e-18
0.042 -4.48689e-18 -1.93555e-18
0.048 -5.9514e-18 -7.632e-19
0.054 -6.3235e-18 -1.31864e-18
0.06 -1.0461e-17 -9.1252e-19
0.066 -8.29e-18 -6.89852e-19
0.072 -1.14197e-17 -1.36717e-18
0.078 -1.13178e-17 -9.24954e-19
0.084 -1.26412e-17 -5.56746e-19
0.09 -1.68636e-17 1.78774e-19
0.096 -1.63441e-17 1.35432e-18
0.102 -1.94138e-17 8.58819e-19
0.108 -1.81255e-17 2.30196e-18
0.114 -2.15385e-17 2.36411e-18
0.12 -2.12279e-17 3.24422e-18
0.126 -2.12757e-17 4.44156e-18
0.132 -2.2684e-17 5.06653e-18
0.138 -2.4758e-17 6.55578e-18
0.144 -2.28165e-17 7.64498e-18

-0.15 -4.44837e-16 4.82005e-17
-0.144 -4.82451e-16 2.95306e-17
-0.138 -5.07091e-16 2.86308e-17
-0.132 -5.32863e-16 2.65912e-17
-0.126 -5.6004e-16 2.56491e-17
-0.12 -5.85721e-16 1.89679e-17
-0.114 -6.04981e-16 1.71562e-17
-0.108 -6.24804e-16 1.76216e-17
-0.102 -6.39647e-16 1.11495e-17
-0.096 -6.76564e-16 1.07094e-17
-0.09 -6.87863e-16 5.89426e-18
-0.084 -6.75583e-16 4.24527e-18
-0.078 -7.01406e-16 -7.39085e-18
-0.072 -7.16781e-16 6.54781e-19
-0.066 -7.08233e-16 -1.24327e-17
-0.06 -7.29287e-16 -1.11244e-17
-0.054 -7.27819e-16 -1.66532e-17
-0.048 -7.6e-16 -2.53077e-17
-0.042 -7.58927e-16 -2.25304e-17
-0.036 -7.57863e-16 -2.8666e-17
-0.03 -7.69321e-16 -2.67749e-17
-0.024 -7.59021e-16 -3.24661e-17
-0.018 -7.60417e-16 -2.76628e-17
-0.012 -7.72846e-16 -3.87834e-17
-0.006 -7.78895e-16 -4.45887e-17
0 -7.74213e-16 -4.77717e-17
0.006 -7.81192e-16 -4.29407e-17
0.012 -7.61034e-16 -4.95816e-17
0.018 -7.8532e-16 -4.9278e-17
0.024 -7.93917e-16 -4.66684e-17
0.03 -7.92377e-16 -5.23173e-17
0.036 -7.96208e-16 -5.3357e-17
0.042 -7.71881e-16 -6.34408e-17
0.048 -7.83605e-16 -6.14307e-17
0.054 -7.71851e-16 -6.06655e-17
0.06 -7.70814e-16 -6.94447e-17
0.066 -7.75654e-16 -6.89058e-17
0.072 -7.65235e-16 -6.71998e-17
0.078 -7.79023e-16 -7.15716e-17
0.084 -7.55945e-16 -7.50551e-17
0.09 -7.50563e-16 -7.18472e-17
0.096 -7.71965e-16 -8.05067e-17
0.102 -7.50625e-16 -8.68473e-17
0.108 -7.71951e-16 -8.34573e-17
0.114 -7.52515e-16 -9.29844e-17
0.12 -7.4638e-16 -9.65041e-17
0.126 -7.43577e-16 -1.01445e-16
0.132 -7.55464e-16 -1.02099e-16
0.138 -7.18056e-16 -1.04896e-16
0.144 -7.37092e-16 -1.24158e-16

